Temperature: 298.15 K
Global <E_int,corr>_B = -10.608427 ± 0.563980 kcal/mol
Samples: 30888
