Temperature: 298.15 K
Global <E_int,corr>_B = -10.593449 ± 0.722884 kcal/mol
Samples: 17760
