
$orca_opt_file

$trust
    0.300000000000

$epredict
    0.000000000000

$ediffsc
  1000.000000000000

$ctyp
  3

$coordinates
 5 6
  -5.73118599  -8.60249634   5.19646341  -7.81834315  -9.79026103   4.87690316

  -5.68995127  -8.57903039   5.20277677  -7.85957787  -9.81372699   4.87058980

  -5.67310885  -8.56944566   5.20535548  -7.87642029  -9.82331171   4.86801109

  -5.66895191  -8.56708002   5.20599194  -7.88057723  -9.82567736   4.86737463

  -5.66860244  -8.56688114   5.20604545  -7.88092670  -9.82587623   4.86732113


# redundant internal coordinates
#  nbonds nangles ndihedrals nimpropers ncartesians
# bond  definitions A B
# angle definitions A B C
# dihedral definitions A B C D
# improper torsion definitions A B C D
# cartesian definitions A x/y/z
$redundant_internals
 1 0 0 0 0
   1   0   0
$energies
 5
 -150.3659783123357556
 -150.3703013626818858
 -150.3707840109184417
 -150.3708054482994498
 -150.3708055898395060

$gradients
 5 6
  -0.0620267702235311  -0.0353204520544557  -0.0094543803293693   0.0620267702227095
   0.0353204520482077   0.0094543803294316
  -0.0180340523591431  -0.0101996352217056  -0.0027728356414902   0.0180340523574046
   0.0101996352199033   0.0027728356413474
  -0.0035991266251271  -0.0019571876548105  -0.0005906376658253   0.0035991266225370
   0.0019571876501628   0.0005906376668532
  -0.0003116741613051  -0.0000813216892151  -0.0000950082154880   0.0003116741586123
   0.0000813216880378   0.0000950082179410
  -0.0000401440326426   0.0000736346135587  -0.0000541322558586   0.0000401440296111
  -0.0000736346143875   0.0000541322569021

$redundant_coords
 5 1
   2.4226284724078719
   2.5183533244637095
   2.5574523697153007
   2.5671025470237234
   2.5679138304436924

$redundant_gradients
 5 1
  -0.0720016500187631
  -0.0209032283180789
  -0.0041382183510670
  -0.0003209178968335
  -0.0000056239846271

$hessian_approx
 6 6
                  0          1          2          3          4          5    
      0       0.288238   0.164491   0.043391  -0.288238  -0.164491  -0.043391
      1       0.164491   0.093872   0.024762  -0.164491  -0.093872  -0.024762
      2       0.043391   0.024762   0.006533  -0.043391  -0.024762  -0.006533
      3      -0.288238  -0.164491  -0.043391   0.288238   0.164491   0.043391
      4      -0.164491  -0.093872  -0.024762   0.164491   0.093872   0.024762
      5      -0.043391  -0.024762  -0.006533   0.043391   0.024762   0.006533

$bmatrix
 1 6
                  0          1          2          3          4          5    
      0       0.861526   0.490279   0.131906  -0.861526  -0.490279  -0.131906

