
$orca_opt_file

$trust
    0.300000000000

$epredict
    0.000000000000

$ediffsc
  1000.000000000000

$ctyp
  3

$coordinates
 6 9
  -5.63350415  -8.54690627   5.21141870  -7.91602498  -9.84585110   4.86194787
  -4.44056918  -8.97998426   3.88355161
  -5.59207125  -8.50888409   5.23738270  -7.95567636  -9.87394367   4.84836807
  -4.44235070  -8.98991387   3.87116741
  -5.54960197  -8.46856408   5.26582564  -7.96318055  -9.89484116   4.82463258
  -4.47731579  -9.00933640   3.86645996
  -5.53218567  -8.45081679   5.27913680  -7.95774966  -9.90162264   4.81205353
  -4.50016298  -9.02030220   3.86572786
  -5.52901101  -8.44675347   5.28268839  -7.95387666  -9.90237114   4.80863567
  -4.50721064  -9.02361702   3.86559412
  -5.52886063  -8.44615799   5.28340408  -7.95213846  -9.90212968   4.80788608
  -4.50909922  -9.02445396   3.86562802

# redundant internal coordinates
#  nbonds nangles ndihedrals nimpropers ncartesians
# bond  definitions A B
# angle definitions A B C
# dihedral definitions A B C D
# improper torsion definitions A B C D
# cartesian definitions A x/y/z
$redundant_internals
 2 1 0 0 0
   1   0   0
   2   0   0
   1   0   2   0   0
$energies
 6
 -150.9678704283294906
 -150.9725524902115126
 -150.9742367071983438
 -150.9744265133057581
 -150.9744360325149444
 -150.9744368832453745

$gradients
 6 9
  -0.0452925400763352  -0.0360374337626681  -0.0213273606748522   0.0426302212920121
   0.0284317979100343   0.0127203545373926   0.0026623187838622   0.0076056358535561
   0.0086070061394961
  -0.0220465067493634  -0.0160405593801366  -0.0089538440884961   0.0156516832025728
   0.0118985766842740   0.0073710272240438   0.0063948235442349   0.0041419826922916
   0.0015828168669819
  -0.0055033389443418  -0.0038815231995718  -0.0028897776610497   0.0024332188895468
   0.0022976416465510   0.0027315760089560   0.0030701200520254   0.0015838815530009
   0.0001582016537352
  -0.0004039887795859  -0.0001142463243709  -0.0009588428314911  -0.0003681318429056
  -0.0003773997824582   0.0008664372306757   0.0007721206231816   0.0004916461012084
   0.0000924056063125
   0.0001145324271072   0.0005329480556232  -0.0004037127538578  -0.0002863467563113
  -0.0006385258288009   0.0004657006269008   0.0001718143286365   0.0001055777716258
  -0.0000619878698133
  -0.0000252235120738   0.0005306884699413  -0.0003206899045149   0.0000230584888646
  -0.0005363550728015   0.0004138311636596   0.0000021650218594   0.0000056665981796
  -0.0000931412587282

$redundant_coords
 6 3
   2.6493940578169379   1.8368128398398347   1.9268431404672060
   2.7570544282666876   1.8492677538886348   1.8754506930809101
   2.8380062024293267   1.8440327163253363   1.8020276120507355
   2.8646753766193536   1.8404100893909658   1.7648825162398338
   2.8676684247103932   1.8398379659780659   1.7549765306883816
   2.8667483963038376   1.8396816321650897   1.7528819781071707

$redundant_gradients
 6 3
  -0.0523491144977055  -0.0062796193666943   0.0182988071804526
  -0.0203372692985841   0.0017110724159806   0.0140875649681601
  -0.0036244766267500   0.0011634512450849   0.0060875528982799
   0.0003869994816036   0.0001702820220999   0.0017553135359981
   0.0005143988727304   0.0000708804097840   0.0004228158948537
   0.0002093304125633   0.0000321485854264   0.0000627722540258

$hessian_approx
 9 9
                  0          1          2          3          4          5    
      0       0.330802   0.010894  -0.190779  -0.169733  -0.088246  -0.013998
      1       0.010894   0.139187   0.181033  -0.083920  -0.070211  -0.041868
      2      -0.190779   0.181033   0.362764  -0.007980  -0.039969  -0.047752
      3      -0.169733  -0.083920  -0.007980   0.189445   0.099319   0.016654
      4      -0.088246  -0.070211  -0.039969   0.099319   0.060609   0.019970
      5      -0.013998  -0.041868  -0.047752   0.016654   0.019970   0.016260
      6      -0.161069   0.073025   0.198759  -0.019711  -0.011073  -0.002657
      7       0.077351  -0.068974  -0.141064  -0.015401   0.009603   0.021895
      8       0.204779  -0.139165  -0.315013  -0.008673   0.019997   0.031493
                  6          7          8    
      0      -0.161069   0.077351   0.204779
      1       0.073025  -0.068974  -0.139165
      2       0.198759  -0.141064  -0.315013
      3      -0.019711  -0.015401  -0.008673
      4      -0.011073   0.009603   0.019997
      5      -0.002657   0.021895   0.031493
      6       0.180781  -0.061952  -0.196101
      7      -0.061952   0.059373   0.119167
      8      -0.196101   0.119167   0.283520

$bmatrix
 3 9
                  0          1          2          3          4          5    
      0       0.845305   0.507883   0.165874  -0.845305  -0.507883  -0.165874
      1      -0.554314   0.314346   0.770664   0.000000   0.000000   0.000000
      2      -0.269412  -0.456289  -0.452813  -0.142318   0.144116   0.284001
                  6          7          8    
      0       0.000000   0.000000   0.000000
      1       0.554314  -0.314346  -0.770664
      2       0.411730   0.312173   0.168812

