Temperature: 298.15 K
Global <E_int,corr>_B = -8.890837 ± 0.911826 kcal/mol
Samples: 29472
